1.525813751220703125e+02 5.138925552368164062e+01
1.117956619262695312e+02 1.099850845336914062e+02
1.480025482177734375e+02 1.310406341552734375e+02
2.502153167724609375e+02 1.262490158081054688e+02
1.010540084838867188e+02 4.892736053466796875e+01
1.149241027832031250e+02 6.629425048828125000e+01
1.176860656738281250e+02 9.739508056640625000e+01
1.150124130249023438e+02 8.171086883544921875e+01
7.610585784912109375e+01 5.024666213989257812e+01
1.070032196044921875e+02 1.096863555908203125e+02
1.050815124511718750e+02 4.001425933837890625e+01
1.955416107177734375e+02 9.566091918945312500e+01
1.080589904785156250e+02 7.816022491455078125e+01
2.447208251953125000e+02 1.045608367919921875e+02
2.309563598632812500e+02 1.281543273925781250e+02
1.707871246337890625e+02 1.054216613769531250e+02
2.359474792480468750e+02 8.928272247314453125e+01
1.229250946044921875e+02 8.596443176269531250e+01
1.323150177001953125e+02 1.085481643676757812e+02
2.485383758544921875e+02 1.549696807861328125e+02
7.610585784912109375e+01 5.024666213989257812e+01
2.432154235839843750e+02 8.767353057861328125e+01
2.394792022705078125e+02 1.340272979736328125e+02
1.482487182617187500e+02 7.280438232421875000e+01
2.485383758544921875e+02 1.549696807861328125e+02
2.359474792480468750e+02 8.928272247314453125e+01
1.409229125976562500e+02 1.315696411132812500e+02
1.087440795898437500e+02 8.181032562255859375e+01
1.110289077758789062e+02 5.675206756591796875e+01
2.506424255371093750e+02 1.371542510986328125e+02
9.486956787109375000e+01 8.046661376953125000e+01
1.621832885742187500e+02 1.346090087890625000e+02
1.232368011474609375e+02 7.475368499755859375e+01
7.429689788818359375e+01 6.269312286376953125e+01
2.280004577636718750e+02 1.313624267578125000e+02
2.005949249267578125e+02 7.821707916259765625e+01
9.922189331054687500e+01 5.868698883056640625e+01
1.289632110595703125e+02 5.502010345458984375e+01
2.311571044921875000e+02 1.091350708007812500e+02
1.247547683715820312e+02 6.781858062744140625e+01
1.294564514160156250e+02 6.278041076660156250e+01
