2.795240478515625000e+02 6.420554161071777344e+00
1.508853302001953125e+02 1.149156799316406250e+02
1.871329040527343750e+02 1.363333892822265625e+02
2.991691589355468750e+02 1.266146850585937500e+02
1.397095031738281250e+02 5.229994583129882812e+01
1.541408691406250000e+02 6.860369873046875000e+01
1.568819732666015625e+02 1.016469726562500000e+02
1.539169006347656250e+02 8.499343872070312500e+01
1.196606674194335938e+02 5.521012496948242188e+01
1.462742462158203125e+02 1.150026931762695312e+02
1.440668792724609375e+02 4.288664245605468750e+01
2.339533996582031250e+02 9.332052612304687500e+01
1.468392486572265625e+02 8.167740631103515625e+01
2.913097534179687500e+02 1.002077484130859375e+02
2.751825866699218750e+02 1.302269134521484375e+02
2.086806945800781250e+02 1.069911422729492188e+02
2.802885131835937500e+02 8.222904205322265625e+01
1.621587829589843750e+02 8.878324890136718750e+01
1.716429748535156250e+02 1.122201080322265625e+02
2.988302001953125000e+02 1.636463317871093750e+02
1.196606674194335938e+02 5.521012496948242188e+01
2.884487304687500000e+02 7.952424621582031250e+01
2.870060729980468750e+02 1.374204864501953125e+02
1.851762542724609375e+02 7.298763275146484375e+01
2.988302001953125000e+02 1.636463317871093750e+02
2.802885131835937500e+02 8.222904205322265625e+01
1.800421600341796875e+02 1.374428558349609375e+02
1.472565460205078125e+02 8.573794555664062500e+01
1.493063659667968750e+02 5.916919326782226562e+01
3.004716796875000000e+02 1.400442810058593750e+02
1.332554321289062500e+02 8.592565155029296875e+01
2.005575408935546875e+02 1.399785766601562500e+02
1.625406951904296875e+02 7.735413360595703125e+01
1.191576766967773438e+02 6.812063598632812500e+01
2.715220642089843750e+02 1.336711425781250000e+02
2.388937530517578125e+02 7.271929168701171875e+01
1.379619598388671875e+02 6.131214904785156250e+01
1.690942077636718750e+02 5.675816726684570312e+01
2.747459716796875000e+02 1.075145645141601562e+02
1.645611572265625000e+02 6.908636474609375000e+01
1.700590972900390625e+02 6.442507934570312500e+01
