1.278731994628906250e+02 6.812032318115234375e+01
4.870623016357421875e+01 1.323728179931640625e+02
3.864841461181640625e+01 1.672152404785156250e+02
4.759272766113281250e+01 9.450828552246093750e+01
4.898932647705078125e+01 1.504643554687500000e+02
1.193873977661132812e+02 7.220762634277343750e+01
3.220280075073242188e+01 1.361085815429687500e+02
3.844915390014648438e+01 1.672674102783203125e+02
5.156456756591796875e+01 9.985976409912109375e+01
1.618516845703125000e+02 1.080703582763671875e+02
4.529737091064453125e+01 1.258265686035156250e+02
5.270310592651367188e+01 1.443390502929687500e+02
1.732952880859375000e+02 9.250527954101562500e+01
2.089032440185546875e+02 1.735263061523437500e+02
1.713045349121093750e+02 7.646416473388671875e+01
