1.717238616943359375e+02 5.212152099609375000e+01
9.784130859375000000e+01 1.260326766967773438e+02
9.109688568115234375e+01 1.593273773193359375e+02
9.428954315185546875e+01 9.034014129638671875e+01
9.951945495605468750e+01 1.434260864257812500e+02
1.633363037109375000e+02 5.791926956176757812e+01
8.335625457763671875e+01 1.301340332031250000e+02
9.109688568115234375e+01 1.593273773193359375e+02
9.841992950439453125e+01 9.502841186523437500e+01
2.141930084228515625e+02 9.110160827636718750e+01
9.442710113525390625e+01 1.200894775390625000e+02
1.023655090332031250e+02 1.373353729248046875e+02
2.279636688232421875e+02 7.159759521484375000e+01
2.809197387695312500e+02 1.641863861083984375e+02
2.243069610595703125e+02 5.355043029785156250e+01
