4.188176345825195312e+01 1.280381317138671875e+02
4.188176345825195312e+01 1.280381317138671875e+02
1.669157867431640625e+02 6.214798355102539062e+01
1.452517700195312500e+02 7.034590911865234375e+01
1.230622940063476562e+02 9.702178955078125000e+01
5.075656127929687500e+01 1.176449737548828125e+02
6.072221374511718750e+01 9.506967926025390625e+01
6.072221374511718750e+01 9.506967926025390625e+01
6.327967071533203125e+01 5.648784255981445312e+01
9.760807037353515625e+01 1.299828796386718750e+02
9.193980407714843750e+01 1.015880126953125000e+02
2.684057312011718750e+02 7.257113647460937500e+01
1.335102691650390625e+02 5.790848922729492188e+01
1.028095169067382812e+02 1.111764526367187500e+02
7.188555145263671875e+01 9.674851989746093750e+01
9.142118072509765625e+01 1.296889648437500000e+02
1.028095169067382812e+02 1.111764526367187500e+02
2.684057312011718750e+02 7.257113647460937500e+01
1.287601928710937500e+02 9.763437652587890625e+01
4.772913742065429688e+01 1.289070281982421875e+02
4.094027328491210938e+01 1.339189910888671875e+02
2.795016174316406250e+02 1.748210601806640625e+02
9.142118072509765625e+01 1.296889648437500000e+02
2.693640747070312500e+02 1.000517044067382812e+02
2.760400085449218750e+02 1.748335723876953125e+02
2.520751342773437500e+02 3.947671127319335938e+01
2.783902282714843750e+02 7.277342987060546875e+01
2.674827575683593750e+02 8.318391418457031250e+01
5.810373306274414062e+01 5.527034378051757812e+01
1.842624359130859375e+02 9.839691925048828125e+01
2.660547790527343750e+02 6.706507110595703125e+01
3.473510360717773438e+01 1.282668914794921875e+02
2.299458160400390625e+02 7.821369934082031250e+01
9.159477996826171875e+01 1.188141174316406250e+02
2.111088104248046875e+02 1.033949584960937500e+02
5.438169097900390625e+01 7.249936676025390625e+01
1.059261322021484375e+01 9.297821044921875000e+01
2.856183624267578125e+01 3.256707382202148438e+01
3.359799385070800781e+00 1.350417938232421875e+02
2.697899475097656250e+02 5.519594192504882812e+01
3.750590896606445312e+01 1.786959991455078125e+02
2.717761840820312500e+02 5.318543624877929688e+01
2.772752075195312500e+02 7.978227233886718750e+01
2.717761840820312500e+02 5.318543624877929688e+01
2.591697998046875000e+02 7.800510406494140625e+01
3.750590896606445312e+01 1.786959991455078125e+02
2.716428833007812500e+02 1.177986755371093750e+02
3.550354385375976562e+01 1.284945831298828125e+02
2.664025878906250000e+02 5.555648803710937500e+01
2.518595123291015625e+02 7.083533477783203125e+01
1.132190017700195312e+02 1.028341140747070312e+02
2.634226379394531250e+02 1.245003204345703125e+02
