3.835386657714843750e+01 1.250418701171875000e+02
3.835386657714843750e+01 1.250418701171875000e+02
1.634643859863281250e+02 5.431461715698242188e+01
1.368956909179687500e+02 6.348734283447265625e+01
1.173232650756835938e+02 9.222133636474609375e+01
4.669068527221679688e+01 1.152068862915039062e+02
5.609815979003906250e+01 9.317141723632812500e+01
5.609815979003906250e+01 9.317141723632812500e+01
5.834342956542968750e+01 5.583878707885742188e+01
9.178637695312500000e+01 1.258213348388671875e+02
8.629148101806640625e+01 9.798402404785156250e+01
2.786013488769531250e+02 5.813331604003906250e+01
1.278964233398437500e+02 5.230677413940429688e+01
9.703594970703125000e+01 1.066928253173828125e+02
6.671947479248046875e+01 9.412990570068359375e+01
8.551571655273437500e+01 1.257316970825195312e+02
9.703594970703125000e+01 1.066928253173828125e+02
2.786013488769531250e+02 5.813331604003906250e+01
1.230120697021484375e+02 9.246332550048828125e+01
4.404645538330078125e+01 1.258002014160156250e+02
3.750697708129882812e+01 1.307518615722656250e+02
2.914271545410156250e+02 1.704602508544921875e+02
8.551571655273437500e+01 1.257316970825195312e+02
2.798949890136718750e+02 8.876438903808593750e+01
2.875988464355468750e+02 1.707939453125000000e+02
2.621060485839843750e+02 2.245600128173828125e+01
2.899558410644531250e+02 5.831946945190429688e+01
2.777536315917968750e+02 7.021833801269531250e+01
5.324937057495117188e+01 5.462491226196289062e+01
1.824215850830078125e+02 9.120150756835937500e+01
2.758927917480468750e+02 5.259714508056640625e+01
3.192943382263183594e+01 1.255673980712890625e+02
2.344791412353515625e+02 6.715885925292968750e+01
8.603834533691406250e+01 1.150004272460937500e+02
2.131556243896484375e+02 9.502745056152343750e+01
4.995885467529296875e+01 7.155424499511718750e+01
1.013084888458251953e+01 9.275371551513671875e+01
3.236146163940429688e+01 3.589698791503906250e+01
3.403077363967895508e+00 1.325409545898437500e+02
2.798646240234375000e+02 3.941088867187500000e+01
3.428097152709960938e+01 1.736107635498046875e+02
2.822011413574218750e+02 3.687184143066406250e+01
2.886047668457031250e+02 6.590956878662109375e+01
2.822011413574218750e+02 3.687184143066406250e+01
2.688153991699218750e+02 6.473303985595703125e+01
3.428097152709960938e+01 1.736107635498046875e+02
2.823673095703125000e+02 1.082327804565429688e+02
3.192943382263183594e+01 1.255673980712890625e+02
2.764391479492187500e+02 3.974901962280273438e+01
2.606657409667968750e+02 5.783862304687500000e+01
1.077998352050781250e+02 9.834483337402343750e+01
2.735703125000000000e+02 1.160020751953125000e+02
