9.461923980712890625e+01 1.173158798217773438e+02
1.349783630371093750e+02 4.485162353515625000e+01
8.934783172607421875e+01 6.913708496093750000e+01
1.250480804443359375e+02 1.169587707519531250e+02
6.263844299316406250e+01 6.092370986938476562e+01
1.250480804443359375e+02 1.169587707519531250e+02
9.540027618408203125e+01 1.072249145507812500e+02
2.737648582458496094e+01 1.156366348266601562e+02
1.915089416503906250e+02 1.433825225830078125e+02
1.082574462890625000e+02 9.034012603759765625e+01
1.251086959838867188e+02 1.106200332641601562e+02
1.256844100952148438e+02 8.920233917236328125e+01
1.239447174072265625e+02 8.238648986816406250e+01
1.994596290588378906e+01 1.233891983032226562e+02
1.148898620605468750e+02 8.100809478759765625e+01
7.537103271484375000e+01 1.140355224609375000e+02
2.714297180175781250e+02 1.417233123779296875e+02
2.883781433105468750e+01 8.966812133789062500e+01
1.239447174072265625e+02 8.238648986816406250e+01
1.256844100952148438e+02 8.920233917236328125e+01
1.296498413085937500e+02 5.403382492065429688e+01
1.300817413330078125e+02 8.062289428710937500e+01
1.786795043945312500e+02 1.452608489990234375e+02
1.700191192626953125e+02 1.454046630859375000e+02
1.237876129150390625e+02 8.680615234375000000e+01
1.713037567138671875e+02 1.014349517822265625e+02
1.763640441894531250e+02 1.336035461425781250e+02
2.201470794677734375e+02 1.419282684326171875e+02
2.201470794677734375e+02 1.419282684326171875e+02
9.589669799804687500e+01 6.986925506591796875e+01
1.148898620605468750e+02 8.100809478759765625e+01
2.346130218505859375e+02 1.660832061767578125e+02
2.210436401367187500e+02 1.498145446777343750e+02
1.932521247863769531e+01 7.182088470458984375e+01
9.696723175048828125e+01 9.419954681396484375e+01
1.337495574951171875e+02 6.844292449951171875e+01
