1.169762802124023438e+02 1.017893295288085938e+02
1.603540954589843750e+02 2.512090492248535156e+01
1.128093185424804688e+02 5.364889526367187500e+01
1.488860778808593750e+02 1.005539245605468750e+02
8.533070373535156250e+01 4.771531677246093750e+01
1.488860778808593750e+02 1.005539245605468750e+02
1.176867904663085938e+02 9.178317260742187500e+01
4.822064590454101562e+01 1.018246917724609375e+02
2.066500091552734375e+02 1.274019546508789062e+02
1.314666748046875000e+02 7.437039947509765625e+01
1.487918090820312500e+02 9.405587005615234375e+01
1.494755554199218750e+02 7.223921966552734375e+01
1.476830291748046875e+02 6.520356750488281250e+01
4.133050537109375000e+01 1.091033630371093750e+02
1.387406768798828125e+02 6.434721374511718750e+01
9.672525787353515625e+01 9.906436157226562500e+01
2.845318298339843750e+02 1.249459838867187500e+02
4.791633605957031250e+01 7.746697235107421875e+01
1.476830291748046875e+02 6.520356750488281250e+01
1.494755554199218750e+02 7.223921966552734375e+01
1.557100677490234375e+02 3.522842025756835938e+01
1.534000244140625000e+02 6.299279022216796875e+01
1.950480194091796875e+02 1.290763854980468750e+02
1.877970733642578125e+02 1.293359069824218750e+02
1.474897918701171875e+02 6.966616821289062500e+01
1.890813293457031250e+02 8.260837554931640625e+01
1.933089752197265625e+02 1.172329559326171875e+02
2.335971984863281250e+02 1.256597900390625000e+02
2.335971984863281250e+02 1.256597900390625000e+02
8.533070373535156250e+01 4.771531677246093750e+01
1.387406768798828125e+02 6.434721374511718750e+01
2.462837677001953125e+02 1.534134216308593750e+02
2.347060394287109375e+02 1.316008911132812500e+02
7.068350982666015625e+01 6.554638671875000000e+01
1.197811508178710938e+02 7.940050506591796875e+01
1.574596405029296875e+02 4.945204162597656250e+01
