2.256043395996093750e+02 5.123651123046875000e+01
4.368927001953125000e+01 9.054094696044921875e+01
1.828604736328125000e+02 4.158614349365234375e+01
2.319487152099609375e+02 1.198946685791015625e+02
2.592140197753906250e+02 8.206398773193359375e+01
2.527832183837890625e+02 9.783988952636718750e+01
2.518305816650390625e+02 8.201190948486328125e+01
2.068606872558593750e+02 8.301419830322265625e+01
2.387765197753906250e+02 8.259131622314453125e+01
2.250726776123046875e+02 1.154544372558593750e+02
1.552241058349609375e+02 1.621463165283203125e+02
1.658985900878906250e+02 1.133875503540039062e+02
2.065741882324218750e+02 9.208344268798828125e+01
2.365369720458984375e+02 5.839912414550781250e+01
1.865207977294921875e+02 1.067093200683593750e+02
2.311033782958984375e+02 3.939467620849609375e+01
2.010455932617187500e+02 1.273587951660156250e+02
1.732818756103515625e+02 8.808492279052734375e+01
1.846485748291015625e+02 1.156824798583984375e+02
2.348342590332031250e+02 1.169728851318359375e+02
1.635693054199218750e+02 1.517304229736328125e+02
1.383612670898437500e+02 2.757711029052734375e+01
2.548636322021484375e+02 1.271949539184570312e+02
1.608518218994140625e+02 1.266750946044921875e+02
1.604434204101562500e+02 1.222229537963867188e+02
7.824167633056640625e+01 9.005103302001953125e+01
2.884440803527832031e+01 1.172080078125000000e+02
1.865207977294921875e+02 1.067093200683593750e+02
2.954764099121093750e+02 1.241256561279296875e+02
1.444503479003906250e+02 6.843865966796875000e+01
2.677976989746093750e+02 1.193009872436523438e+02
1.648175201416015625e+02 9.739258575439453125e+01
1.648175201416015625e+02 9.739258575439453125e+01
1.948251647949218750e+02 1.203697357177734375e+02
2.709623413085937500e+02 4.753746795654296875e+01
2.677976989746093750e+02 1.193009872436523438e+02
1.725106811523437500e+02 1.200448379516601562e+02
