2.156606597900390625e+02 5.967972564697265625e+01
5.748734664916992188e+01 1.079489746093750000e+02
1.743918151855468750e+02 5.414712905883789062e+01
2.225339050292968750e+02 1.289354553222656250e+02
2.511666717529296875e+02 8.817787170410156250e+01
2.449402770996093750e+02 1.054713287353515625e+02
2.434644622802734375e+02 8.890196990966796875e+01
1.976642303466796875e+02 9.288871002197265625e+01
2.293480682373046875e+02 9.077839660644531250e+01
2.157664642333984375e+02 1.245188598632812500e+02
1.481125946044921875e+02 1.714707489013671875e+02
1.591074676513671875e+02 1.244947280883789062e+02
1.975697784423828125e+02 1.018788909912109375e+02
2.271608428955078125e+02 6.597080993652343750e+01
1.773368682861328125e+02 1.174647140502929688e+02
2.212061157226562500e+02 4.721196746826171875e+01
2.468076934814453125e+02 1.354113922119140625e+02
1.655222930908203125e+02 9.992751312255859375e+01
1.755853424072265625e+02 1.260599441528320312e+02
2.250546112060546875e+02 1.264160308837890625e+02
1.564841918945312500e+02 1.625163726806640625e+02
1.994249725341796875e+02 3.489551162719726562e+01
2.468076934814453125e+02 1.354113922119140625e+02
1.543830413818359375e+02 1.372449645996093750e+02
1.536032562255859375e+02 1.332232818603515625e+02
8.409527587890625000e+01 1.064364929199218750e+02
4.574093627929687500e+01 1.318628540039062500e+02
1.773368682861328125e+02 1.174647140502929688e+02
2.850359802246093750e+02 1.310639953613281250e+02
1.391173095703125000e+02 8.264374542236328125e+01
2.601593627929687500e+02 1.269798049926757812e+02
1.583358917236328125e+02 1.089991149902343750e+02
1.583358917236328125e+02 1.089991149902343750e+02
2.401133575439453125e+02 1.282712097167968750e+02
2.620401000976562500e+02 5.179629135131835938e+01
2.601593627929687500e+02 1.269798049926757812e+02
2.601593627929687500e+02 1.269798049926757812e+02
