6.229164505004882812e+01 1.521554718017578125e+02
6.229164505004882812e+01 1.521554718017578125e+02
7.762437438964843750e+01 1.373896484375000000e+02
1.876706542968750000e+02 7.243566131591796875e+01
9.638171386718750000e+01 7.696250915527343750e+01
1.223430023193359375e+02 9.452205657958984375e+01
7.718827056884765625e+01 4.934068679809570312e+01
6.114502716064453125e+01 8.192105865478515625e+01
1.671809844970703125e+02 5.483713531494140625e+01
4.481207275390625000e+01 9.706034088134765625e+01
1.219240188598632812e+02 1.037188720703125000e+02
1.219240188598632812e+02 1.037188720703125000e+02
5.667698669433593750e+01 5.031125640869140625e+01
8.161810302734375000e+01 1.317080078125000000e+02
1.337606658935546875e+02 5.770014190673828125e+01
2.044119567871093750e+02 5.532891845703125000e+01
1.066815948486328125e+02 1.030148162841796875e+02
7.425881195068359375e+01 4.255697250366210938e+01
2.044119567871093750e+02 5.532891845703125000e+01
1.388864898681640625e+02 1.015036773681640625e+02
1.547837371826171875e+02 1.075220336914062500e+02
5.884772491455078125e+01 8.871572875976562500e+01
5.502260208129882812e+01 2.507425689697265625e+01
1.479531402587890625e+02 1.235198287963867188e+02
1.996332855224609375e+02 6.801948547363281250e+01
6.275828933715820312e+01 1.355106811523437500e+02
8.351472473144531250e+01 8.312055969238281250e+01
1.412188110351562500e+02 5.678609085083007812e+01
6.694286346435546875e+01 8.132262420654296875e+01
1.196350631713867188e+02 7.186460876464843750e+01
6.931620025634765625e+01 6.929465484619140625e+01
4.347060394287109375e+01 1.216400146484375000e+02
1.412188110351562500e+02 5.678609085083007812e+01
1.812886962890625000e+02 1.283750457763671875e+02
4.908252334594726562e+01 7.738994598388671875e+01
1.812886962890625000e+02 1.283750457763671875e+02
3.763706207275390625e+01 1.234978866577148438e+02
2.046658325195312500e+02 1.255601959228515625e+02
1.331216888427734375e+02 1.239063568115234375e+02
7.994555664062500000e+01 7.777362823486328125e+01
2.050064849853515625e+01 1.255828170776367188e+02
1.311015472412109375e+02 7.124528503417968750e+01
4.683729553222656250e+01 6.664698028564453125e+01
8.447453308105468750e+01 1.374853363037109375e+02
1.331216888427734375e+02 1.239063568115234375e+02
1.831649627685546875e+02 5.556156539916992188e+01
9.656940460205078125e+01 1.118807601928710938e+02
4.436751174926757812e+01 4.569043350219726562e+01
4.987510299682617188e+01 6.669064331054687500e+01
1.106187210083007812e+02 1.065993041992187500e+02
1.322060394287109375e+02 9.526442718505859375e+01
6.678437042236328125e+01 1.470426940917968750e+02
9.500374794006347656e+00 8.011678314208984375e+01
7.104155731201171875e+01 6.112094497680664062e+01
9.500374794006347656e+00 8.011678314208984375e+01
5.783746337890625000e+01 5.888455581665039062e+01
1.093933944702148438e+02 1.276371231079101562e+02
1.249389724731445312e+02 1.215858764648437500e+02
5.399153518676757812e+01 6.275838470458984375e+01
1.675684814453125000e+02 1.051769180297851562e+02
