1.372593994140625000e+02 1.552341003417968750e+02
1.372593994140625000e+02 1.552341003417968750e+02
1.526336975097656250e+02 1.405664825439453125e+02
2.376650695800781250e+02 6.914743041992187500e+01
1.683112792968750000e+02 7.858568572998046875e+01
1.950658721923828125e+02 9.535888671875000000e+01
1.503229064941406250e+02 5.416960525512695312e+01
1.343440246582031250e+02 8.623827362060546875e+01
2.455296630859375000e+02 4.760371780395507812e+01
1.185409011840820312e+02 1.019062500000000000e+02
1.949565277099609375e+02 1.048258514404296875e+02
1.949565277099609375e+02 1.048258514404296875e+02
1.304453125000000000e+02 5.633363723754882812e+01
1.557422943115234375e+02 1.351371002197265625e+02
2.076917266845703125e+02 5.483719253540039062e+01
2.918705139160156250e+02 4.262203598022460938e+01
1.793735504150390625e+02 1.048602371215820312e+02
1.471801757812500000e+02 4.720028686523437500e+01
2.918705139160156250e+02 4.262203598022460938e+01
2.133678131103515625e+02 1.018745880126953125e+02
2.310628204345703125e+02 1.077564697265625000e+02
1.323483428955078125e+02 9.248374176025390625e+01
1.295945739746093750e+02 3.177380943298339844e+01
2.237490386962890625e+02 1.256148376464843750e+02
2.851449890136718750e+02 5.884103012084960938e+01
1.373738098144531250e+02 1.388675231933593750e+02
1.567980804443359375e+02 8.524509429931640625e+01
2.150729675292968750e+02 5.324198532104492188e+01
1.405785369873046875e+02 8.516484832763671875e+01
1.915174255371093750e+02 7.131259918212890625e+01
1.422905273437500000e+02 7.334224700927734375e+01
1.174357070922851562e+02 1.250249176025390625e+02
2.150729675292968750e+02 5.324198532104492188e+01
2.638236694335937500e+02 1.310494232177734375e+02
1.227712326049804688e+02 8.242109680175781250e+01
2.638236694335937500e+02 1.310494232177734375e+02
1.106111526489257812e+02 1.269750823974609375e+02
2.944320983886718750e+02 1.275766067504882812e+02
2.078877258300781250e+02 1.259957504272460938e+02
1.530548248291015625e+02 8.095002746582031250e+01
9.207167053222656250e+01 1.290946502685546875e+02
2.034561767578125000e+02 6.971978759765625000e+01
1.202287750244140625e+02 7.264263916015625000e+01
1.588636474609375000e+02 1.407160797119140625e+02
2.078877258300781250e+02 1.259957504272460938e+02
2.640556945800781250e+02 4.657167434692382812e+01
1.697337951660156250e+02 1.133935546875000000e+02
1.187234344482421875e+02 5.263138580322265625e+01
1.232187728881835938e+02 7.206340789794921875e+01
1.840309906005859375e+02 1.079373397827148438e+02
2.055165405273437500e+02 9.543593597412109375e+01
1.417366943359375000e+02 1.501797943115234375e+02
7.900296020507812500e+01 8.727494812011718750e+01
1.442644042968750000e+02 6.503942871093750000e+01
7.900296020507812500e+01 8.727494812011718750e+01
1.314347076416015625e+02 6.453837585449218750e+01
1.825300750732421875e+02 1.306211547851562500e+02
1.986909027099609375e+02 1.239773406982421875e+02
1.275939788818359375e+02 6.822129058837890625e+01
2.455549163818359375e+02 1.048507537841796875e+02
