8.897783660888671875e+01 1.157378997802734375e+02
2.988410186767578125e+01 9.869818878173828125e+01
7.843341064453125000e+01 1.499782257080078125e+02
7.007879638671875000e+01 1.419940948486328125e+02
6.145568466186523438e+01 1.512967529296875000e+02
1.396412658691406250e+02 8.220410919189453125e+01
5.614237594604492188e+01 1.214655838012695312e+02
1.396412658691406250e+02 8.220410919189453125e+01
4.071595382690429688e+01 9.969818878173828125e+01
4.916794967651367188e+01 1.797045898437500000e+02
5.367743682861328125e+01 1.661315002441406250e+02
1.670369415283203125e+02 8.657385253906250000e+01
6.547513580322265625e+01 1.085866546630859375e+02
7.757836151123046875e+01 1.291856079101562500e+02
3.000243186950683594e+01 1.431811828613281250e+02
1.184171829223632812e+02 7.891560363769531250e+01
2.141925659179687500e+02 1.156979827880859375e+02
6.087715530395507812e+01 1.710104675292968750e+02
2.726558532714843750e+02 1.715300140380859375e+02
1.294076690673828125e+02 7.882740783691406250e+01
2.531080932617187500e+02 1.067144927978515625e+02
2.836630630493164062e+01 1.051221466064453125e+02
9.568292236328125000e+01 1.514546966552734375e+02
2.088131713867187500e+02 1.153925170898437500e+02
1.294076690673828125e+02 7.882740783691406250e+01
1.219399948120117188e+02 8.260782623291015625e+01
9.068224334716796875e+01 2.909716796875000000e+01
3.000243186950683594e+01 1.431811828613281250e+02
1.219399948120117188e+02 8.260782623291015625e+01
2.676746520996093750e+02 1.730334014892578125e+02
1.892192535400390625e+02 8.938607025146484375e+01
6.122055816650390625e+01 1.102994003295898438e+02
2.570225219726562500e+02 1.447257995605468750e+02
9.502478027343750000e+01 3.506802368164062500e+01
9.108098602294921875e+01 2.949671745300292969e+01
2.230191955566406250e+02 8.419764709472656250e+01
6.512409210205078125e+01 1.168874282836914062e+02
9.302522277832031250e+01 1.188282775878906250e+02
1.670369415283203125e+02 8.657385253906250000e+01
2.073053741455078125e+02 9.208587646484375000e+01
4.365754318237304688e+01 1.553243103027343750e+02
2.100232849121093750e+02 8.190984344482421875e+01
2.512087097167968750e+02 1.729015502929687500e+02
