1.087485733032226562e+02 1.090734329223632812e+02
1.916952705383300781e+01 8.792845916748046875e+01
6.774183654785156250e+01 1.422132110595703125e+02
5.931000900268554688e+01 1.331018676757812500e+02
4.997790145874023438e+01 1.424112243652343750e+02
1.396018981933593750e+02 7.194140625000000000e+01
4.508938217163085938e+01 1.115014724731445312e+02
1.396018981933593750e+02 7.194140625000000000e+01
3.026585578918457031e+01 8.914711761474609375e+01
3.468198394775390625e+01 1.709141387939453125e+02
4.035233306884765625e+01 1.571297149658203125e+02
1.713045349121093750e+02 7.646416473388671875e+01
5.624587631225585938e+01 9.770103454589843750e+01
6.808697509765625000e+01 1.202162094116210938e+02
1.717143821716308594e+01 1.328454132080078125e+02
1.155547637939453125e+02 6.845613861083984375e+01
2.262857666015625000e+02 1.095322113037109375e+02
4.771611785888671875e+01 1.628014526367187500e+02
2.859840698242187500e+02 1.750024719238281250e+02
1.278731994628906250e+02 6.812032318115234375e+01
2.674688720703125000e+02 9.925629425048828125e+01
1.735412025451660156e+01 9.439012145996093750e+01
8.675109100341796875e+01 1.439720916748046875e+02
2.197047271728515625e+02 1.089040832519531250e+02
1.278731994628906250e+02 6.812032318115234375e+01
1.193873977661132812e+02 7.220762634277343750e+01
9.604730987548828125e+01 1.762204742431640625e+01
1.717143821716308594e+01 1.328454132080078125e+02
1.193873977661132812e+02 7.220762634277343750e+01
2.801127929687500000e+02 1.763070373535156250e+02
1.975192108154296875e+02 8.066057586669921875e+01
5.156456756591796875e+01 9.985976409912109375e+01
2.704334106445312500e+02 1.430733795166015625e+02
1.006137542724609375e+02 2.335777282714843750e+01
9.604730987548828125e+01 1.762204742431640625e+01
2.376523742675781250e+02 7.415157318115234375e+01
1.128279571533203125e+02 1.121611862182617188e+02
8.558980560302734375e+01 1.098104476928710938e+02
1.713045349121093750e+02 7.646416473388671875e+01
2.192972869873046875e+02 8.348383331298828125e+01
3.018590354919433594e+01 1.461512603759765625e+02
2.232494354248046875e+02 7.200152587890625000e+01
2.628564453125000000e+02 1.753256835937500000e+02
