5.991525650024414062e+01 4.645642852783203125e+01
1.655222930908203125e+02 9.992751312255859375e+01
1.976642303466796875e+02 9.288871002197265625e+01
1.918870239257812500e+02 1.317121429443359375e+02
1.591074676513671875e+02 1.244947280883789062e+02
2.959873962402343750e+01 4.823388290405273438e+01
1.583358917236328125e+02 1.089991149902343750e+02
6.625558471679687500e+01 1.403790588378906250e+02
1.136441612243652344e+01 7.329550170898437500e+01
1.926465606689453125e+01 7.134418487548828125e+01
1.110246810913085938e+02 1.051258621215820312e+02
7.179270172119140625e+01 1.362101287841796875e+02
5.906930541992187500e+01 6.943766784667968750e+01
6.625558471679687500e+01 1.403790588378906250e+02
8.409527587890625000e+01 1.064364929199218750e+02
8.364218139648437500e+01 1.209743499755859375e+02
1.020281372070312500e+02 1.618116149902343750e+02
1.324819793701171875e+02 1.639755096435546875e+02
2.159404754638671875e+01 1.247011032104492188e+02
1.481125946044921875e+02 1.714707489013671875e+02
1.975697784423828125e+02 1.018788909912109375e+02
2.511892700195312500e+01 8.005764770507812500e+01
1.480394439697265625e+02 1.139953079223632812e+02
2.531637420654296875e+02 1.584879302978515625e+02
1.536032562255859375e+02 1.332232818603515625e+02
2.775740623474121094e+01 6.086771774291992188e+01
1.583358917236328125e+02 1.089991149902343750e+02
1.543830413818359375e+02 1.372449645996093750e+02
3.197223663330078125e+01 7.360529327392578125e+01
2.611112594604492188e+01 6.787292480468750000e+01
2.466229705810546875e+02 1.297804870605468750e+02
2.775740623474121094e+01 6.086771774291992188e+01
4.574093627929687500e+01 1.318628540039062500e+02
1.484891700744628906e+01 1.809134674072265625e+02
1.285895843505859375e+02 9.338375854492187500e+01
1.938836822509765625e+02 3.612403869628906250e+01
