1.525813751220703125e+02 5.138925552368164062e+01
2.492186279296875000e+02 9.238045501708984375e+01
2.864121704101562500e+02 8.095570373535156250e+01
2.813697204589843750e+02 1.261664962768554688e+02
2.440985412597656250e+02 1.196793289184570312e+02
1.254909515380859375e+02 5.702378845214843750e+01
2.413637542724609375e+02 1.025989151000976562e+02
1.577200317382812500e+02 1.386444549560546875e+02
1.114204483032226562e+02 8.098149108886718750e+01
1.174531173706054688e+02 7.858732604980468750e+01
1.948506927490234375e+02 1.022716751098632812e+02
1.621832885742187500e+02 1.346090087890625000e+02
1.482487182617187500e+02 7.280438232421875000e+01
1.577200317382812500e+02 1.386444549560546875e+02
1.707871246337890625e+02 1.054216613769531250e+02
1.711388702392578125e+02 1.197956390380859375e+02
1.868107147216796875e+02 1.593546905517578125e+02
2.149102478027343750e+02 1.618145294189453125e+02
1.224303588867187500e+02 1.258505172729492188e+02
2.343018341064453125e+02 1.700715026855468750e+02
2.869587097167968750e+02 9.132277679443359375e+01
1.229250946044921875e+02 8.596443176269531250e+01
2.311571044921875000e+02 1.091350708007812500e+02
2.893435668945312500e+02 1.571429901123046875e+02
2.383090972900390625e+02 1.293185424804687500e+02
1.247547683715820312e+02 6.781858062744140625e+01
2.413637542724609375e+02 1.025989151000976562e+02
2.394792022705078125e+02 1.340272979736328125e+02
1.278288497924804688e+02 7.922916412353515625e+01
1.232368011474609375e+02 7.475368499755859375e+01
2.813697204589843750e+02 1.261664962768554688e+02
1.247547683715820312e+02 6.781858062744140625e+01
1.409229125976562500e+02 1.315696411132812500e+02
8.870156860351562500e+01 1.748296203613281250e+02
2.119963989257812500e+02 8.872206115722656250e+01
2.793078002929687500e+02 1.654951858520507812e+01
