4.372197341918945312e+01 8.938593292236328125e+01
7.709456634521484375e+01 6.338364410400390625e+01
1.602461395263671875e+02 1.018725738525390625e+02
5.034016799926757812e+01 9.606690979003906250e+01
4.193003845214843750e+01 5.970683288574218750e+01
1.344995117187500000e+02 7.403850555419921875e+01
5.077495956420898438e+01 7.852876281738281250e+01
1.623386535644531250e+02 1.008766326904296875e+02
6.065091323852539062e+01 1.337852783203125000e+02
8.751966857910156250e+01 7.377760314941406250e+01
1.341288280487060547e+01 1.329720916748046875e+02
8.751966857910156250e+01 7.377760314941406250e+01
1.253491592407226562e+02 9.708945465087890625e+01
8.640402984619140625e+01 1.011343154907226562e+02
1.238264083862304688e+02 7.464967346191406250e+01
6.031778335571289062e+01 9.798940277099609375e+01
8.655422973632812500e+01 1.025210342407226562e+02
7.386051940917968750e+01 1.007028656005859375e+02
1.291672611236572266e+01 9.828187561035156250e+01
1.415140075683593750e+02 7.622159576416015625e+01
1.604693603515625000e+02 1.133172531127929688e+02
1.349385833740234375e+02 7.837638092041015625e+01
