1.220891799926757812e+02 1.071821517944335938e+02
1.545561370849609375e+02 7.751559448242187500e+01
2.531080932617187500e+02 1.067144927978515625e+02
1.291146545410156250e+02 1.134160003662109375e+02
1.184171829223632812e+02 7.891560363769531250e+01
2.219787902832031250e+02 7.943640136718750000e+01
1.289153747558593750e+02 9.595655822753906250e+01
2.554445495605468750e+02 1.049979095458984375e+02
1.427071228027343750e+02 1.506888122558593750e+02
1.670369415283203125e+02 8.657385253906250000e+01
9.568292236328125000e+01 1.514546966552734375e+02
1.670369415283203125e+02 8.657385253906250000e+01
2.145665283203125000e+02 1.060923843383789062e+02
1.683375396728515625e+02 1.147124404907226562e+02
2.100232849121093750e+02 8.190984344482421875e+01
1.397853240966796875e+02 1.143432693481445312e+02
1.685236511230468750e+02 1.167109603881835938e+02
1.545272369384765625e+02 1.152869796752929688e+02
6.512409210205078125e+01 1.168874282836914062e+02
2.296169891357421875e+02 8.036945343017578125e+01
2.548620910644531250e+02 1.196062469482421875e+02
2.230191955566406250e+02 8.419764709472656250e+01
