6.395840835571289062e+01 1.507182769775390625e+02
5.120903015136718750e+01 1.396985321044921875e+02
2.361897125244140625e+02 2.670022773742675781e+01
6.753733825683593750e+01 1.110581054687500000e+02
1.376304779052734375e+02 1.123912963867187500e+02
1.421808929443359375e+02 1.433574371337890625e+02
1.350041961669921875e+02 1.448652801513671875e+02
1.376304779052734375e+02 1.123912963867187500e+02
2.253721618652343750e+02 2.196131324768066406e+01
2.656291809082031250e+02 6.588809967041015625e+01
1.421808929443359375e+02 1.433574371337890625e+02
9.875195312500000000e+01 9.363970184326171875e+01
1.816619720458984375e+02 1.102733535766601562e+02
1.303948822021484375e+02 1.083438186645507812e+02
2.742516174316406250e+02 1.085229873657226562e+02
4.574190521240234375e+01 1.313370819091796875e+02
1.270266723632812500e+02 1.130452804565429688e+02
1.121084365844726562e+02 7.284035491943359375e+01
1.431753082275390625e+02 1.112581329345703125e+02
1.000789337158203125e+02 1.125213394165039062e+02
4.842520904541015625e+01 9.428840637207031250e+01
1.156514739990234375e+02 9.000932312011718750e+01
7.397864532470703125e+01 8.020658111572265625e+01
1.815940704345703125e+02 1.253723297119140625e+02
4.842520904541015625e+01 9.428840637207031250e+01
1.052959747314453125e+02 4.391413879394531250e+01
1.005252380371093750e+02 1.056585464477539062e+02
2.131883544921875000e+02 1.459126586914062500e+02
1.000789337158203125e+02 1.125213394165039062e+02
8.739468383789062500e+01 4.207260131835937500e+01
1.840524902343750000e+02 7.196985626220703125e+01
1.117280960083007812e+02 3.397912597656250000e+01
6.930361938476562500e+01 1.000016632080078125e+02
1.121084365844726562e+02 7.284035491943359375e+01
7.090882873535156250e+01 8.490133666992187500e+01
9.940714263916015625e+01 7.436848449707031250e+01
1.326972961425781250e+01 1.706480102539062500e+02
1.040255050659179688e+02 8.057497406005859375e+01
