9.243930816650390625e+01 1.520573425292968750e+02
8.000585937500000000e+01 1.428921356201171875e+02
2.490608978271484375e+02 2.405669975280761719e+01
9.461923980712890625e+01 1.173158798217773438e+02
1.552409973144531250e+02 1.152968750000000000e+02
1.593784484863281250e+02 1.438236236572265625e+02
1.538411407470703125e+02 1.450703582763671875e+02
1.552409973144531250e+02 1.152968750000000000e+02
2.377188415527343750e+02 2.163052177429199219e+01
2.649143371582031250e+02 6.381947708129882812e+01
1.593784484863281250e+02 1.438236236572265625e+02
1.235613098144531250e+02 1.002296295166015625e+02
1.910057220458984375e+02 1.114479980468750000e+02
1.491092376708984375e+02 1.123236389160156250e+02
2.738796386718750000e+02 1.065158462524414062e+02
7.513833618164062500e+01 1.361623382568359375e+02
1.469613189697265625e+02 1.162910232543945312e+02
1.349339752197265625e+02 7.992470550537109375e+01
1.595391998291015625e+02 1.140775909423828125e+02
1.250480804443359375e+02 1.169587707519531250e+02
7.602011871337890625e+01 1.041580200195312500e+02
1.374270172119140625e+02 9.508014678955078125e+01
9.973358917236328125e+01 8.989225769042968750e+01
1.916681213378906250e+02 1.267218551635742188e+02
7.602011871337890625e+01 1.041580200195312500e+02
1.296498413085937500e+02 5.403382492065429688e+01
1.251086959838867188e+02 1.106200332641601562e+02
2.187751464843750000e+02 1.456523437500000000e+02
1.250480804443359375e+02 1.169587707519531250e+02
1.133622283935546875e+02 5.386149978637695312e+01
1.925238494873046875e+02 7.537855529785156250e+01
1.349783630371093750e+02 4.485162353515625000e+01
9.540027618408203125e+01 1.072249145507812500e+02
1.349339752197265625e+02 7.992470550537109375e+01
9.696723175048828125e+01 9.419954681396484375e+01
1.239447174072265625e+02 8.238648986816406250e+01
4.336625289916992188e+01 1.694141082763671875e+02
1.278204193115234375e+02 8.775115966796875000e+01
