4.932167816162109375e+01 1.180646514892578125e+02
9.307371520996093750e+01 1.065425567626953125e+02
3.039977836608886719e+01 1.265124588012695312e+02
6.150950241088867188e+01 9.314186859130859375e+01
2.211864776611328125e+02 9.921546936035156250e+01
1.858170471191406250e+02 5.427851867675781250e+01
1.633363037109375000e+02 5.791926956176757812e+01
2.737691307067871094e+01 1.500013122558593750e+02
1.000190277099609375e+02 4.727964401245117188e+01
1.026016998291015625e+02 1.014524002075195312e+02
1.717238616943359375e+02 5.212152099609375000e+01
1.513849029541015625e+02 9.198347091674804688e+00
1.019001846313476562e+02 1.448045196533203125e+02
5.299437332153320312e+01 1.261994934082031250e+02
