1.478285522460937500e+02 1.374231262207031250e+02
1.815940704345703125e+02 1.253723297119140625e+02
1.350041961669921875e+02 1.448652801513671875e+02
1.558440856933593750e+02 1.150087509155273438e+02
2.632147216796875000e+02 1.120902023315429688e+02
2.656291809082031250e+02 6.588809967041015625e+01
2.427072296142578125e+02 7.264391326904296875e+01
1.335782775878906250e+02 1.644844818115234375e+02
1.840524902343750000e+02 7.196985626220703125e+01
2.695619506835937500e+02 1.125320281982421875e+02
2.503854370117187500e+02 6.572108459472656250e+01
2.361897125244140625e+02 2.670022773742675781e+01
2.695619506835937500e+02 1.125320281982421875e+02
1.508043670654296875e+02 1.438138427734375000e+02
