9.703594970703125000e+01 1.066928253173828125e+02
8.629148101806640625e+01 9.798402404785156250e+01
9.703594970703125000e+01 1.066928253173828125e+02
2.822011413574218750e+02 3.687184143066406250e+01
1.948707580566406250e+02 1.174482421875000000e+02
2.798949890136718750e+02 8.876438903808593750e+01
5.834342956542968750e+01 5.583878707885742188e+01
2.822011413574218750e+02 3.687184143066406250e+01
1.313550567626953125e+02 7.433544158935546875e+01
1.948707580566406250e+02 1.174482421875000000e+02
1.278964233398437500e+02 5.230677413940429688e+01
2.131556243896484375e+02 9.502745056152343750e+01
1.824064483642578125e+02 9.888754272460937500e+01
2.777536315917968750e+02 7.021833801269531250e+01
1.583573150634765625e+02 9.303219604492187500e+01
2.936978149414062500e+02 1.348147125244140625e+02
5.324937057495117188e+01 5.462491226196289062e+01
3.481014251708984375e+01 1.274252014160156250e+02
2.115924987792968750e+02 1.078055191040039062e+02
2.933051452636718750e+02 1.608679046630859375e+02
2.057585144042968750e+02 1.508103485107421875e+02
1.766995239257812500e+02 9.377338409423828125e+01
4.995885467529296875e+01 7.155424499511718750e+01
4.669068527221679688e+01 1.152068862915039062e+02
3.750697708129882812e+01 1.307518615722656250e+02
1.968979644775390625e+02 3.942562866210937500e+01
2.786013488769531250e+02 5.813331604003906250e+01
2.936457824707031250e+02 4.304002761840820312e+01
2.785422668457031250e+02 1.298514099121093750e+02
1.329318809509277344e+01 1.328106536865234375e+02
1.500274658203125000e+02 7.466787719726562500e+01
2.805419921875000000e+02 1.242416305541992188e+02
2.823673095703125000e+02 1.082327804565429688e+02
2.735703125000000000e+02 1.160020751953125000e+02
1.080446548461914062e+02 1.068605880737304688e+02
1.705532989501953125e+02 1.320653228759765625e+02
2.305593872070312500e+02 1.261940155029296875e+02
1.928988342285156250e+02 1.257280960083007812e+02
2.365709991455078125e+02 1.299874877929687500e+02
2.688153991699218750e+02 6.473303985595703125e+01
1.444553375244140625e+02 1.113470230102539062e+02
