8.801399993896484375e+01 9.819913482666015625e+01
7.824167633056640625e+01 9.005103302001953125e+01
8.801399993896484375e+01 9.819913482666015625e+01
2.850361328125000000e+02 1.495975780487060547e+01
1.865207977294921875e+02 1.067093200683593750e+02
2.816838989257812500e+02 7.340207672119140625e+01
5.285155487060546875e+01 5.034867477416992188e+01
2.850361328125000000e+02 1.495975780487060547e+01
1.213601150512695312e+02 6.456097412109375000e+01
1.865207977294921875e+02 1.067093200683593750e+02
1.181136322021484375e+02 4.302886199951171875e+01
2.068606872558593750e+02 8.301419830322265625e+01
1.732818756103515625e+02 8.808492279052734375e+01
2.798939208984375000e+02 5.281464385986328125e+01
1.483206634521484375e+02 8.280343627929687500e+01
2.954764099121093750e+02 1.241256561279296875e+02
4.837162399291992188e+01 4.954935073852539062e+01
3.151963806152343750e+01 1.194376678466796875e+02
2.052875671386718750e+02 9.694593048095703125e+01
2.945111083984375000e+02 1.527335052490234375e+02
1.979207458496093750e+02 1.416161651611328125e+02
1.678463745117187500e+02 8.284719085693359375e+01
4.536591720581054688e+01 6.542164611816406250e+01
4.212973022460937500e+01 1.071510162353515625e+02
3.399935913085937500e+01 1.217674331665039062e+02
2.411692962646484375e+02 2.326869201660156250e+01
2.809211425781250000e+02 3.926044845581054688e+01
2.979808044433593750e+02 2.097657203674316406e+01
2.801422729492187500e+02 1.190058593750000000e+02
1.316727828979492188e+01 1.240684661865234375e+02
1.404337158203125000e+02 6.418846893310546875e+01
2.809038085937500000e+02 1.134828796386718750e+02
2.840487060546875000e+02 9.528059387207031250e+01
2.748947753906250000e+02 1.037087707519531250e+02
9.799354553222656250e+01 9.859957885742187500e+01
1.604434204101562500e+02 1.222229537963867188e+02
2.250726776123046875e+02 1.154544372558593750e+02
1.846485748291015625e+02 1.156824798583984375e+02
2.319487152099609375e+02 1.198946685791015625e+02
2.709623413085937500e+02 4.753746795654296875e+01
1.347299957275390625e+02 1.018036117553710938e+02
