4.346412658691406250e+01 1.010046234130859375e+02
9.273072052001953125e+01 1.081494903564453125e+02
1.715461425781250000e+02 1.708466186523437500e+02
7.528433227539062500e+01 8.346843719482421875e+01
1.864214324951171875e+02 1.617256927490234375e+02
1.759674987792968750e+02 1.670446624755859375e+02
1.110990295410156250e+02 1.212130203247070312e+02
1.715461425781250000e+02 1.708466186523437500e+02
7.802707672119140625e+01 6.074409484863281250e+01
1.956866607666015625e+02 4.160310745239257812e+01
5.346386337280273438e+01 1.419237060546875000e+02
6.156185913085937500e+01 7.854622650146484375e+01
4.587858200073242188e+01 7.637017822265625000e+01
4.587858200073242188e+01 7.637017822265625000e+01
4.823128128051757812e+01 6.476182556152343750e+01
