1.053681030273437500e+02 9.643602752685546875e+01
1.537099304199218750e+02 9.906496429443359375e+01
2.240567474365234375e+02 1.566616210937500000e+02
1.368855895996093750e+02 7.739306640625000000e+01
2.401145172119140625e+02 1.474277648925781250e+02
2.284905242919921875e+02 1.528161315917968750e+02
1.713639068603515625e+02 1.101117095947265625e+02
2.240567474365234375e+02 1.566616210937500000e+02
1.385755157470703125e+02 5.561156082153320312e+01
2.442714385986328125e+02 2.124238204956054688e+01
1.199056243896484375e+02 1.014665451049804688e+02
1.236980133056640625e+02 7.461525726318359375e+01
1.055896987915039062e+02 7.515081024169921875e+01
1.055896987915039062e+02 7.515081024169921875e+01
1.070382690429687500e+02 6.342427444458007812e+01
