1.793735504150390625e+02 1.048602371215820312e+02
1.720533294677734375e+02 5.941989898681640625e+01
6.906444549560546875e+01 4.518965530395507812e+01
2.237490386962890625e+02 1.256148376464843750e+02
1.503229064941406250e+02 5.416960525512695312e+01
2.076917266845703125e+02 5.483719253540039062e+01
1.593218231201171875e+02 1.068455047607421875e+02
1.849719696044921875e+02 1.280089263916015625e+02
1.342733154296875000e+02 1.004167251586914062e+02
1.350483551025390625e+02 1.057992172241210938e+02
2.470129089355468750e+02 1.646825866699218750e+02
1.450545349121093750e+02 8.628124237060546875e+01
1.588425140380859375e+02 7.992842864990234375e+01
1.402233581542968750e+02 4.903655242919921875e+01
1.450545349121093750e+02 8.628124237060546875e+01
1.683112792968750000e+02 7.858568572998046875e+01
1.221199951171875000e+02 9.291541290283203125e+01
1.106111526489257812e+02 1.269750823974609375e+02
1.533868255615234375e+02 7.559773254394531250e+01
1.806085357666015625e+02 5.812406539916992188e+01
1.399756164550781250e+02 1.144723739624023438e+02
4.250256347656250000e+01 6.404852294921875000e+01
1.038407516479492188e+02 1.255962753295898438e+02
1.422905273437500000e+02 7.334224700927734375e+01
8.566269683837890625e+01 4.285045242309570312e+01
3.282958221435546875e+01 7.567459869384765625e+01
1.295945739746093750e+02 3.177380943298339844e+01
2.085767059326171875e+02 1.209798507690429688e+02
1.530548248291015625e+02 8.095002746582031250e+01
1.412699432373046875e+02 4.869345092773437500e+01
2.150032958984375000e+02 9.275801086425781250e+01
2.034561767578125000e+02 6.971978759765625000e+01
2.078877258300781250e+02 1.259957504272460938e+02
2.078877258300781250e+02 1.259957504272460938e+02
1.541389312744140625e+02 9.829832458496093750e+01
1.949565277099609375e+02 1.048258514404296875e+02
1.399756164550781250e+02 1.144723739624023438e+02
1.534034423828125000e+02 1.074748535156250000e+02
1.405785369873046875e+02 8.516484832763671875e+01
7.900296020507812500e+01 8.727494812011718750e+01
1.275939788818359375e+02 6.822129058837890625e+01
1.949565277099609375e+02 1.048258514404296875e+02
1.018386688232421875e+02 7.349333190917968750e+01
2.799389343261718750e+02 6.382730865478515625e+01
2.055165405273437500e+02 9.543593597412109375e+01
2.452149581909179688e+01 1.199165954589843750e+02
2.777536773681640625e+01 1.598429412841796875e+02
5.771554565429687500e+01 6.412938690185546875e+01
2.478774871826171875e+02 6.793786621093750000e+01
1.269335708618164062e+02 1.201251831054687500e+02
1.148596496582031250e+02 1.030431365966796875e+02
2.133678131103515625e+02 1.018745880126953125e+02
1.527736816406250000e+02 6.681912994384765625e+01
2.111223907470703125e+02 1.147904281616210938e+02
1.707805938720703125e+02 9.170803833007812500e+01
1.986909027099609375e+02 1.239773406982421875e+02
1.433496398925781250e+02 4.431327819824218750e+01
2.448178863525390625e+02 1.519116058349609375e+02
