2.224965209960937500e+02 9.382490539550781250e+01
2.157525024414062500e+02 4.516849899291992188e+01
9.821391296386718750e+01 4.010031890869140625e+01
2.721940307617187500e+02 1.151378402709960938e+02
1.923189849853515625e+02 4.308330535888671875e+01
2.546737823486328125e+02 3.596917724609375000e+01
2.019240875244140625e+02 9.711820983886718750e+01
2.289405975341796875e+02 1.188228302001953125e+02
1.748363494873046875e+02 9.122714996337890625e+01
1.761363525390625000e+02 9.680214691162109375e+01
2.978242797851562500e+02 1.600127258300781250e+02
1.868580322265625000e+02 7.617778015136718750e+01
2.010286560058593750e+02 6.860997009277343750e+01
1.817153320312500000e+02 3.719495391845703125e+01
1.868580322265625000e+02 7.617778015136718750e+01
2.107393188476562500e+02 6.617433929443359375e+01
1.618426361083984375e+02 8.406162261962890625e+01
1.487017211914062500e+02 1.188135681152343750e+02
1.951785278320312500e+02 6.415264892578125000e+01
2.247881469726562500e+02 4.352920913696289062e+01
1.816387023925781250e+02 1.054301605224609375e+02
6.949263763427734375e+01 6.037341690063476562e+01
1.407964019775390625e+02 1.176827163696289062e+02
1.833793640136718750e+02 6.278790283203125000e+01
1.197793960571289062e+02 3.663766098022460938e+01
5.926998901367187500e+01 7.211745452880859375e+01
1.696853485107421875e+02 2.016405487060546875e+01
2.546168212890625000e+02 1.104582061767578125e+02
1.952284240722656250e+02 6.954795074462890625e+01
1.817153320312500000e+02 3.719495391845703125e+01
2.613410034179687500e+02 7.889421844482421875e+01
2.478350219726562500e+02 5.336326599121093750e+01
2.536482849121093750e+02 1.163610382080078125e+02
2.536482849121093750e+02 1.163610382080078125e+02
1.966108398437500000e+02 8.797164154052734375e+01
2.392431030273437500e+02 9.322970581054687500e+01
1.816387023925781250e+02 1.054301605224609375e+02
1.955700836181640625e+02 9.762162780761718750e+01
1.817167968750000000e+02 7.496944427490234375e+01
1.107179641723632812e+02 8.057680511474609375e+01
1.674305877685546875e+02 5.836940383911132812e+01
2.392431030273437500e+02 9.322970581054687500e+01
1.367916870117187500e+02 6.562145996093750000e+01
3.002979736328125000e+02 4.709024810791015625e+01
2.509221191406250000e+02 8.199452972412109375e+01
5.200588989257812500e+01 1.139320373535156250e+02
5.524209213256835938e+01 1.514183502197265625e+02
8.609392547607421875e+01 5.976179122924804688e+01
3.002979736328125000e+02 4.709024810791015625e+01
1.677576446533203125e+02 1.122868576049804688e+02
1.532333068847656250e+02 9.478192138671875000e+01
2.593222045898437500e+02 8.866641998291015625e+01
1.942068634033203125e+02 5.513555145263671875e+01
2.577652587890625000e+02 1.034465408325195312e+02
2.125261077880859375e+02 8.166316223144531250e+01
2.435124206542968750e+02 1.140250778198242188e+02
1.840178222656250000e+02 3.174620628356933594e+01
2.949501953125000000e+02 1.453196105957031250e+02
