9.623693084716796875e+01 5.809716415405273438e+01
8.516349792480468750e+01 5.615732574462890625e+01
2.405721473693847656e+01 1.205817031860351562e+02
5.803254699707031250e+01 8.917380523681640625e+01
6.436839294433593750e+01 4.970407485961914062e+01
1.728246002197265625e+02 3.248596191406250000e+01
8.418889617919921875e+01 7.587030029296875000e+01
6.261225891113281250e+01 7.466520690917968750e+01
7.886673736572265625e+01 8.109448242187500000e+01
1.494471740722656250e+02 6.059162139892578125e+01
1.786378326416015625e+02 9.188711547851562500e+01
1.852746887207031250e+02 3.190082550048828125e+01
1.920850982666015625e+02 4.733039474487304688e+01
1.712543945312500000e+02 1.216413726806640625e+02
3.042242050170898438e+01 1.012556533813476562e+02
5.222498321533203125e+01 8.856234741210937500e+01
1.794293670654296875e+02 5.274747085571289062e+01
1.302861480712890625e+02 1.007209930419921875e+02
1.769491882324218750e+02 7.297422027587890625e+01
1.869243164062500000e+02 1.071562500000000000e+02
3.982110214233398438e+01 1.598407440185546875e+02
3.042242050170898438e+01 1.012556533813476562e+02
2.031725311279296875e+02 8.742098999023437500e+01
1.675334739685058594e+01 1.200603485107421875e+02
1.815505676269531250e+02 1.073135986328125000e+02
1.782947998046875000e+02 1.162453842163085938e+02
1.048051528930664062e+02 9.653295135498046875e+01
3.025435829162597656e+01 1.482871551513671875e+02
1.652449340820312500e+02 7.450648498535156250e+01
7.325086212158203125e+01 1.004757156372070312e+02
1.699401702880859375e+02 6.998097229003906250e+01
8.428796386718750000e+01 7.629827117919921875e+01
1.703505859375000000e+02 8.136919403076171875e+01
4.069527816772460938e+01 1.022129211425781250e+02
1.848187866210937500e+02 1.146938018798828125e+02
4.659891128540039062e+01 1.280533905029296875e+02
1.908947906494140625e+02 6.414254760742187500e+01
6.570085144042968750e+01 1.295480804443359375e+02
