1.669157867431640625e+02 6.214798355102539062e+01
1.546875915527343750e+02 6.144711685180664062e+01
9.760807037353515625e+01 1.299828796386718750e+02
1.287601928710937500e+02 9.763437652587890625e+01
1.335102691650390625e+02 5.790848922729492188e+01
2.597190246582031250e+02 2.005082511901855469e+01
1.551407623291015625e+02 8.183239746093750000e+01
1.326530761718750000e+02 8.258327484130859375e+01
1.495104370117187500e+02 8.768432617187500000e+01
2.312276153564453125e+02 5.709774017333984375e+01
2.721050415039062500e+02 1.061186904907226562e+02
2.742692871093750000e+02 1.779411888122558594e+01
2.858388061523437500e+02 3.473561859130859375e+01
2.634226379394531250e+02 1.245003204345703125e+02
1.028095169067382812e+02 1.111764526367187500e+02
1.230622940063476562e+02 9.702178955078125000e+01
2.702938232421875000e+02 4.266674423217773438e+01
2.090283050537109375e+02 1.036105194091796875e+02
2.660547790527343750e+02 6.706507110595703125e+01
2.823326721191406250e+02 1.059004821777343750e+02
1.136208496093750000e+02 1.681065521240234375e+02
1.028095169067382812e+02 1.111764526367187500e+02
3.019094543457031250e+02 8.048458862304687500e+01
9.142118072509765625e+01 1.296889648437500000e+02
2.753276977539062500e+02 1.071312408447265625e+02
2.716428833007812500e+02 1.177986755371093750e+02
1.789597778320312500e+02 1.010056533813476562e+02
1.048404769897460938e+02 1.564332885742187500e+02
2.518595123291015625e+02 7.083533477783203125e+01
1.451325378417968750e+02 1.076133346557617188e+02
2.579967651367187500e+02 6.437623596191406250e+01
1.551407623291015625e+02 8.183239746093750000e+01
2.591697998046875000e+02 7.800510406494140625e+01
1.134111709594726562e+02 1.113829498291015625e+02
2.806963500976562500e+02 1.153286209106445312e+02
1.185395355224609375e+02 1.364842071533203125e+02
2.848607177734375000e+02 5.382230758666992188e+01
1.345608367919921875e+02 1.376192474365234375e+02
