2.741502075195312500e+02 2.953242111206054688e+01
1.696853485107421875e+02 2.016405487060546875e+01
2.509221191406250000e+02 8.199452972412109375e+01
2.464049224853515625e+02 1.508027038574218750e+02
2.464049224853515625e+02 1.508027038574218750e+02
2.319612274169921875e+02 4.280885314941406250e+01
2.721940307617187500e+02 1.151378402709960938e+02
1.302159576416015625e+02 8.829930114746093750e+01
8.712251281738281250e+01 3.718635559082031250e+01
1.869055023193359375e+02 7.107806396484375000e+01
2.010286560058593750e+02 6.860997009277343750e+01
2.270906524658203125e+02 1.312550964355468750e+02
1.869055023193359375e+02 7.107806396484375000e+01
1.786069488525390625e+02 9.761769866943359375e+01
4.983424377441406250e+01 2.228874588012695312e+01
2.546737823486328125e+02 3.596917724609375000e+01
2.546168212890625000e+02 1.104582061767578125e+02
1.730674591064453125e+02 9.843740844726562500e+01
1.766483001708984375e+02 1.119568176269531250e+02
1.783604125976562500e+02 8.235638427734375000e+01
2.019240875244140625e+02 9.711820983886718750e+01
1.754507598876953125e+02 5.188378524780273438e+01
1.905177001953125000e+02 1.014268798828125000e+02
1.618426361083984375e+02 8.406162261962890625e+01
2.741502075195312500e+02 2.953242111206054688e+01
2.459856414794921875e+02 1.343554229736328125e+02
1.748363494873046875e+02 9.122714996337890625e+01
2.010286560058593750e+02 6.860997009277343750e+01
2.454059600830078125e+02 1.555348815917968750e+02
1.951785278320312500e+02 6.415264892578125000e+01
1.761052703857421875e+02 1.875602531433105469e+01
1.779505462646484375e+02 3.042656326293945312e+01
2.613410034179687500e+02 7.889421844482421875e+01
1.409253234863281250e+02 7.193977355957031250e+01
2.985050964355468750e+01 1.328549957275390625e+02
1.744570617675781250e+02 7.659792327880859375e+01
2.583893737792968750e+02 1.747248649597167969e+01
1.889187164306640625e+02 3.547657012939453125e+01
2.978242797851562500e+02 1.600127258300781250e+02
1.579082946777343750e+02 9.376615142822265625e+01
2.699055480957031250e+02 1.035479049682617188e+02
2.107393188476562500e+02 6.617433929443359375e+01
6.617281341552734375e+01 2.830722808837890625e+01
1.745817260742187500e+02 6.187951278686523438e+01
3.971944808959960938e+01 1.505377960205078125e+02
1.577673797607421875e+02 7.661560058593750000e+01
4.021638488769531250e+01 8.625225830078125000e+01
2.412417144775390625e+02 1.496526184082031250e+02
1.620317230224609375e+02 6.810748291015625000e+01
1.831524200439453125e+02 6.877510833740234375e+01
1.577673797607421875e+02 7.661560058593750000e+01
1.833793640136718750e+02 6.278790283203125000e+01
2.756379394531250000e+02 6.874404144287109375e+01
1.890420684814453125e+02 3.065650177001953125e+01
1.923189849853515625e+02 4.308330535888671875e+01
2.247881469726562500e+02 4.352920913696289062e+01
1.870504760742187500e+02 8.028562164306640625e+01
1.816387023925781250e+02 1.054301605224609375e+02
1.677576446533203125e+02 1.122868576049804688e+02
2.536482849121093750e+02 1.163610382080078125e+02
1.534277248382568359e+01 1.049561080932617188e+02
2.457586669921875000e+02 8.750827789306640625e+01
1.869958648681640625e+02 6.689794921875000000e+01
1.674147949218750000e+02 7.020147705078125000e+01
1.534277248382568359e+01 1.049561080932617188e+02
2.014986572265625000e+02 7.313084411621093750e+01
1.816387023925781250e+02 1.054301605224609375e+02
1.674305877685546875e+02 5.836940383911132812e+01
2.265708007812500000e+02 1.216123809814453125e+02
2.225453491210937500e+02 4.393203353881835938e+01
6.616347503662109375e+01 1.028700866699218750e+02
2.807210998535156250e+02 9.454698944091796875e+01
2.125261077880859375e+02 8.166316223144531250e+01
2.623467407226562500e+02 3.380741119384765625e+01
8.056926727294921875e+01 6.454886627197265625e+01
4.155387878417968750e+01 7.741986083984375000e+01
1.627113952636718750e+02 6.259889984130859375e+01
1.531930236816406250e+02 7.136772918701171875e+01
4.021638488769531250e+01 8.625225830078125000e+01
1.464963378906250000e+02 4.753336334228515625e+01
2.244019165039062500e+02 8.439777374267578125e+01
