2.713334960937500000e+02 3.578693771362304688e+01
1.728246002197265625e+02 3.248596191406250000e+01
2.482642364501953125e+02 8.936074829101562500e+01
2.461604919433593750e+02 1.591086730957031250e+02
2.461604919433593750e+02 1.591086730957031250e+02
2.696877746582031250e+02 3.864083480834960938e+01
2.692222595214843750e+02 1.222924041748046875e+02
1.302861480712890625e+02 1.007209930419921875e+02
8.516349792480468750e+01 5.615732574462890625e+01
1.898587188720703125e+02 8.131456756591796875e+01
2.027080841064453125e+02 7.816409301757812500e+01
2.279564819335937500e+02 1.394403991699218750e+02
1.898587188720703125e+02 8.131456756591796875e+01
1.815505676269531250e+02 1.073135986328125000e+02
4.871601867675781250e+01 4.550337600708007812e+01
2.525297698974609375e+02 4.327346801757812500e+01
2.525802917480468750e+02 1.177924118041992188e+02
1.761168670654296875e+02 1.082099990844726562e+02
1.795218963623046875e+02 1.216114730834960938e+02
1.810980834960937500e+02 9.255144500732421875e+01
2.040701141357421875e+02 1.059078140258789062e+02
1.775238342285156250e+02 6.349478149414062500e+01
1.941578369140625000e+02 1.099274520874023438e+02
1.647970733642578125e+02 9.515240478515625000e+01
2.713334960937500000e+02 3.578693771362304688e+01
2.451500244140625000e+02 1.423300170898437500e+02
1.775008392333984375e+02 1.015217819213867188e+02
2.027080841064453125e+02 7.816409301757812500e+01
2.449688262939453125e+02 1.634669647216796875e+02
1.968941040039062500e+02 7.424568176269531250e+01
1.792133941650390625e+02 3.097966957092285156e+01
1.810720672607421875e+02 4.242281723022460938e+01
2.582016296386718750e+02 8.593486022949218750e+01
1.415293579101562500e+02 8.439060974121093750e+01
3.082295989990234375e+01 1.443091888427734375e+02
1.770852813720703125e+02 8.707845306396484375e+01
2.886127929687500000e+02 1.351393032073974609e+01
1.920850982666015625e+02 4.733039474487304688e+01
2.907624511718750000e+02 1.677678985595703125e+02
1.603808288574218750e+02 1.045395812988281250e+02
2.669233093261718750e+02 1.103737411499023438e+02
2.114497222900390625e+02 7.501817321777343750e+01
6.436839294433593750e+01 4.970407485961914062e+01
1.769491882324218750e+02 7.297422027587890625e+01
3.982110214233398438e+01 1.598407440185546875e+02
1.602120971679687500e+02 8.781912231445312500e+01
4.069527816772460938e+01 1.022129211425781250e+02
2.410234527587890625e+02 1.578317413330078125e+02
1.646875457763671875e+02 7.991410064697265625e+01
1.858251953125000000e+02 7.885244750976562500e+01
1.602120971679687500e+02 8.781912231445312500e+01
1.859749450683593750e+02 7.359993743896484375e+01
2.715325012207031250e+02 7.537997436523437500e+01
1.920710906982421875e+02 4.232711410522460938e+01
1.959559326171875000e+02 5.401227569580078125e+01
2.252765960693359375e+02 5.247855377197265625e+01
1.901112365722656250e+02 8.977047729492187500e+01
1.848187866210937500e+02 1.146938018798828125e+02
1.712543945312500000e+02 1.216413726806640625e+02
2.519412536621093750e+02 1.237037582397460938e+02
1.675334739685058594e+01 1.200603485107421875e+02
2.435525970458984375e+02 9.510356140136718750e+01
1.898253173828125000e+02 7.748110198974609375e+01
1.703505859375000000e+02 8.136919403076171875e+01
1.675334739685058594e+01 1.200603485107421875e+02
2.033912200927734375e+02 8.262938690185546875e+01
1.848187866210937500e+02 1.146938018798828125e+02
1.699401702880859375e+02 6.998097229003906250e+01
2.268534698486328125e+02 1.296219635009765625e+02
2.593406066894531250e+02 4.072053909301757812e+01
6.181195449829101562e+01 1.169152374267578125e+02
2.764647521972656250e+02 1.012757720947265625e+02
2.130508270263671875e+02 9.134028625488281250e+01
2.593406066894531250e+02 4.072053909301757812e+01
7.886673736572265625e+01 8.109448242187500000e+01
4.150851440429687500e+01 9.487355804443359375e+01
1.652449340820312500e+02 7.450648498535156250e+01
1.549582214355468750e+02 8.289038848876953125e+01
4.069527816772460938e+01 1.022129211425781250e+02
1.494471740722656250e+02 6.059162139892578125e+01
2.236818542480468750e+02 9.267548370361328125e+01
