3.361149215698242188e+01 8.880666351318359375e+01
5.509500503540039062e+01 9.224549102783203125e+01
2.254810638427734375e+02 9.709362030029296875e+01
5.965823364257812500e+01 8.124315643310546875e+01
4.196047210693359375e+01 1.108511123657226562e+02
6.265744018554687500e+01 1.189776229858398438e+02
2.254810638427734375e+02 9.709362030029296875e+01
1.621079711914062500e+02 1.159086303710937500e+02
1.196606674194335938e+02 5.521012496948242188e+01
6.573020172119140625e+01 1.182857208251953125e+02
1.601308441162109375e+02 4.079446792602539062e+01
1.443948822021484375e+02 1.717144317626953125e+02
2.339533996582031250e+02 9.332052612304687500e+01
1.379619598388671875e+02 6.131214904785156250e+01
1.623364562988281250e+02 1.021255950927734375e+02
1.196606674194335938e+02 5.521012496948242188e+01
1.970487213134765625e+02 1.055608139038085938e+02
1.499480285644531250e+02 8.452484893798828125e+01
1.493433685302734375e+02 1.121241149902343750e+02
1.768999290466308594e+01 1.065559310913085938e+02
1.958137817382812500e+02 8.703367614746093750e+01
7.017249298095703125e+01 1.121896438598632812e+02
1.405992431640625000e+02 5.645831680297851562e+01
1.332554321289062500e+02 8.592565155029296875e+01
1.493063659667968750e+02 5.916919326782226562e+01
1.958137817382812500e+02 8.703367614746093750e+01
6.101131439208984375e+01 1.828229064941406250e+02
1.468392486572265625e+02 8.167740631103515625e+01
1.800421600341796875e+02 1.374428558349609375e+02
1.625406951904296875e+02 7.735413360595703125e+01
