8.337588500976562500e+01 8.663872528076171875e+01
1.042735366821289062e+02 8.835396575927734375e+01
2.836652221679687500e+02 7.257814025878906250e+01
1.079189987182617188e+02 7.691226196289062500e+01
9.273072052001953125e+01 1.081494903564453125e+02
1.131509857177734375e+02 1.153534774780273438e+02
2.836652221679687500e+02 7.257814025878906250e+01
2.140054779052734375e+02 1.049694519042968750e+02
1.681204376220703125e+02 4.270962142944335938e+01
1.163772964477539062e+02 1.145437927246093750e+02
2.082734375000000000e+02 1.998132896423339844e+01
1.966707000732421875e+02 1.686094970703125000e+02
2.936104431152343750e+02 6.580090332031250000e+01
1.847574920654296875e+02 4.608431625366210938e+01
2.134163055419921875e+02 8.898157501220703125e+01
1.681204376220703125e+02 4.270962142944335938e+01
2.499424285888671875e+02 8.754259490966796875e+01
1.982155761718750000e+02 7.032151031494140625e+01
1.990023040771484375e+02 1.011938018798828125e+02
6.922032165527343750e+01 1.052595443725585938e+02
2.482191162109375000e+02 6.727933502197265625e+01
1.195938186645507812e+02 1.079509429931640625e+02
1.870330963134765625e+02 4.000103759765625000e+01
1.794853668212890625e+02 7.377439117431640625e+01
1.956866607666015625e+02 4.160310745239257812e+01
2.482191162109375000e+02 6.727933502197265625e+01
6.537427520751953125e+01 1.821895599365234375e+02
1.948605651855468750e+02 6.713800048828125000e+01
2.340343627929687500e+02 1.283879547119140625e+02
2.123932647705078125e+02 6.034936523437500000e+01
